,degree,between,eigenvector,closeness
1,0.19047619047619047,0.3595238095238096,0.3595238095238096,0.2876712328767123
2,0.047619047619047616,0.0,0.0,0.22580645161290322
9,0.14285714285714285,0.23333333333333336,0.23333333333333336,0.2692307692307692
10,0.09523809523809523,0.16666666666666669,0.16666666666666669,0.27631578947368424
22,0.09523809523809523,0.14047619047619048,0.14047619047619048,0.24705882352941178
3,0.14285714285714285,0.08095238095238096,0.08095238095238096,0.25609756097560976
7,0.14285714285714285,0.1761904761904762,0.1761904761904762,0.2441860465116279
8,0.14285714285714285,0.08095238095238096,0.08095238095238096,0.25609756097560976
4,0.09523809523809523,0.1523809523809524,0.1523809523809524,0.23076923076923078
5,0.09523809523809523,0.14761904761904762,0.14761904761904762,0.22826086956521738
19,0.14285714285714285,0.2904761904761905,0.2904761904761905,0.2441860465116279
6,0.09523809523809523,0.15714285714285717,0.15714285714285717,0.23333333333333334
12,0.09523809523809523,0.1642857142857143,0.1642857142857143,0.2727272727272727
11,0.047619047619047616,0.0,0.0,0.1693548387096774
18,0.09523809523809523,0.09523809523809525,0.09523809523809525,0.20192307692307693
20,0.14285714285714285,0.3166666666666667,0.3166666666666667,0.28378378378378377
13,0.14285714285714285,0.16904761904761906,0.16904761904761906,0.2441860465116279
14,0.09523809523809523,0.1142857142857143,0.1142857142857143,0.2413793103448276
21,0.047619047619047616,0.0,0.0,0.19811320754716982
15,0.09523809523809523,0.13095238095238096,0.13095238095238096,0.2441860465116279
16,0.09523809523809523,0.2571428571428572,0.2571428571428572,0.26582278481012656
17,0.09523809523809523,0.2380952380952381,0.2380952380952381,0.25301204819277107
